31
32
23
24
46
24
43
19
24
31
32
45
29
32
36
21
35
49
24
19
31
21
44
32
32
40
47
29
33
26
37
30
37
24
35
12
37
36
25
29
35
31
25
15
24
36
27
39
38
33
40
19
32
26
27
29
25
30
37
27
33
41
30
38
29
37
28
17
41
38
27
29
34
33
25
36
35
42
23
30
11
34
41
33
30
36
39
38
20
30
26
23
34
31
33
31
32
41
37
36
42
17
23
25
29
32
25
41
38
38
26
22
33
31
39
33
35
28
7
31
33
38
30
37
40
28
27
26
28
38
36
35
24
47
49
39
44
30
29
33
28
44
23
36
35
17
37
35
36
19
23
39
5
45
42
22
20
26
28
23
36
32
40
34
33
27
35
34
47
24
30
26
41
36
17
44
34
29
33
31
31
26
27
39
32
17
26
31
28
25
23
41
28
35
23
40
24
33
32
43
36
42
24
18
36
19
38
44
43
26
33
36
43
35
32
44
24
27
29
23
35
32
31
29
30
25
34
29
18
38
45
24
34
27
33
48
35
28
23
25
43
41
30
48
29
23
33
28
35
42
31
31
30
30
43
34
26
41
36
40
36
43
39
31
21
33
28
23
36
28
17
31
32
30
25
21
29
27
42
38
39
37
39
31
35
31
38
42
34
23
36
37
24
31
37
42
34
33
35
32
29
34
37
24
40
30
35
36
19
24
34
31
50
33
30
17
36
37
46
17
34
22
32
51
35
28
41
29
33
35
30
39
34
45
36
39
21
47
31
15
30
35
29
30
27
42
29
37
23
41
23
38
29
45
31
37
30
28
13
25
42
30
40
31
36
36
21
23
33
25
25
36
36
25
20
38
26
40
37
30
41
45
43
47
44
42
38
40
29
29
21
19
36
58
42
32
44
24
19
29
38
30
26
15
39
32
25
31
20
38
48
33
26
28
14
32
28
26
39
24
44
27
29
22
39
30
29
35
36
31
29
41
41
38
40
36
29
25
27
30
25
36
28
37
30
47
22
44
31
47
33
37
28
48
15
19
25
32
44
33
44
17
35
18
22
19
41
31
23
18
34
31
27
40
37
22
28
29
29
23
33
31
32
32
40
29
38
29
21
30
33
22
44
34
37
38
27
24
17
40
133
136
145
131
140
129
129
145
126
128
135
138
138
137
124
137
139
143
147
140
141
133
140
133
129
143
141
121
148
123
137
151
127
138
137
119
139
121
129
135
136
142
133
150
140
138
141
138
137
154
138
151
137
134
133
148
131
147
154
143
145
136
120
146
143
141
133
143
148
144
141
142
138
140
132
136
141
142
132
146
150
149
139
146
131
134
135
137
135
139
132
139
145
140
140
126
139
136
133
140
136
137
142
138
160
145
146
138
136
130
134
125
143
147
146
141
132
140
134
140
140
150
148
130
138
148
148
140
150
132
145
130
125
135
130
147
133
146
134
131
132
152
143
147
135
126
134
150
145
139
137
138
133
122
128
140
133
145
129
127
147
136
135
143
138
147
132
122
141
153
127
136
136
140
142
123
136
133
140
134
138
131
131
134
141
135
148
122
140
141
141
128
140
135
143
140
146
144
149
134
131
150
124
145
149
143
122
136
124
148
145
148
150
136
139
138
143
147
136
133
152
147
153
141
139
128
141
143
145
126
145
137
134
151
140
136
134
140
135
138
143
153
133
136
140
134
130
130
150
134
144
143
142
139
137
153
145
135
140
141
149
139
138
146
129
148
125
143
136
155
139
146
136
139
145
136
151
137
145
139
147
148
134
138
137
130
148
155
133
132
140
140
148
157
138
131
123
148
149
144
148
121
125
132
136
135
141
145
133
132
142
136
148
148
151
144
155
144
160
126
137
129
137
137
138
119
142
132
127
152
156
134
138
146
136
135
148
142
134
141
137
140
139
144
151
153
138
135
135
138
136
134
136
131
125
136
148
135
150
147
141
128
130
139
146
139
131
149
142
143
136
136
136
142
132
133
143
126
140
142
135
138
140
153
116
142
144
135
136
143
146
146
146
116
138
138
135
146
132
138
131
131
142
137
135
138
138
140
138
140
141
141
137
142
134
136
132
137
143
135
146
153
132
142
129
143
138
139
138
144
129
145
131
139
137
148
131
134
126
134
141
141
143
138
140
138
138
148
138
136
150
146
131
134
137
149
135
141
136
129
138
123
140
142
129
137
150
134
133
146
145
126
155
128
146
133
145
136
136
138
138
126
138
146
134
147
132
146
128
147
160
133
142
142
129
133
139
147
134
136
